[DAY_NIGHT_CYCLE]
DAY_NIGHT_CYCLE_ENABLED=1
[BOUNDS]
MINS0=-32768.125000
MINS1=-32768.125000
MINS2=-7984.125000
MAXS0=32768.125000
MAXS1=32768.125000
MAXS2=14414.125000
HIGHEST_SURFACE=14638.125000
