bBilinear:1
bOriginLines:0
bBBox:0
bUseAlpha:1
bWireFrame:0
_R:51
_G:51
_B:51
dFOV:45.000000
dAnimSpeed:0.050000
xPos:0.050000
yPos:-1.419999
zPos:-1.669923
rotAngleX:2.000000
rotAngleY:-1.000000
rotAngleZ:-90.000000
